5158
4 1049 0
4 627 0
52 464 0
195 288 0
93 99 0
177 205 0
1 106 0
1 1055 0
623 701 0
864 874 0
752 821 0
73 1089 0
871 967 0
870 881 0
52 354 0
73 999 0
882 992 0
10 23 0
208 279 0
438 453 0
4 509 0
1 1012 0
659 666 0
4 854 0
4 826 0
60 565 0
4 975 0
1 1117 0
66 651 0
177 269 0
73 990 0
73 1032 0
882 895 0
997 1007 0
82 108 0
360 386 0
1 307 0
865 1145 0
864 978 0
73 985 0
177 388 0
4 130 0
4 1123 0
864 973 0
890 951 0
755 826 0
4 413 0
178 471 0
4 1014 0
48 106 0
1030 1039 0
73 1046 0
871 948 0
4 430 0
176 184 0
896 999 0
200 413 0
1 1010 0
1 757 0
1 957 0
1 711 0
52 246 0
68 798 0
195 298 0
1 650 0
1020 1036 0
1051 1148 0
1 309 0
657 665 0
52 394 0
195 364 0
208 236 0
180 492 0
815 822 0
1 72 0
864 891 0
1 524 0
1 533 0
865 1052 0
757 848 0
1051 1092 0
178 423 0
68 769 0
542 555 0
4 352 0
52 374 0
934 942 0
942 962 0
4 292 0
52 447 0
1 584 0
178 474 0
1 618 0
4 694 0
4 1164 0
4 639 0
895 989 0
1 1149 0
1 517 0
60 570 0
177 220 0
1 1034 0
76 119 0
620 669 0
1051 1099 0
620 661 0
871 1034 0
52 277 0
1 682 0
1 770 0
1 603 0
180 497 0
1 423 0
13 32 0
752 806 0
4 374 0
73 1049 0
1 107 0
73 1060 0
110 126 0
4 1029 0
66 666 0
4 1095 0
1 198 0
4 599 0
10 29 0
48 107 0
49 149 0
882 947 0
1051 1080 0
1 78 0
1 990 0
1 491 0
177 309 0
4 349 0
283 286 0
177 359 0
585 591 0
1 503 0
1 1146 0
4 362 0
75 82 0
585 604 0
73 1022 0
48 101 0
195 245 0
4 987 0
231 322 0
4 502 0
1 904 0
177 286 0
4 1033 0
4 752 0
1 694 0
52 433 0
195 286 0
52 454 0
61 607 0
52 442 0
182 533 0
4 275 0
4 314 0
865 1123 0
4 273 0
73 1047 0
602 603 0
68 832 0
1 696 0
358 377 0
115 118 0
48 84 0
1051 1120 0
602 604 0
897 1015 0
1 786 0
867 874 0
52 416 0
4 415 0
110 128 0
4 80 0
871 975 0
1056 1117 0
2 7 0
208 278 0
208 285 0
1 130 0
203 221 0
888 908 0
620 663 0
66 663 0
683 719 0
52 268 0
52 241 0
865 1063 0
418 447 0
752 807 0
12 26 0
48 75 0
1 42 0
73 949 0
871 958 0
622 677 0
1 178 0
4 810 0
4 470 0
1076 1099 0
52 448 0
884 1039 0
871 924 0
68 785 0
893 984 0
4 1122 0
73 1005 0
52 264 0
68 828 0
73 1143 0
882 923 0
418 443 0
177 326 0
4 1013 0
4 813 0
52 530 0
1 400 0
587 593 0
567 577 0
882 900 0
73 1157 0
73 870 0
177 263 0
871 951 0
1 176 0
567 579 0
1 1051 0
4 668 0
4 74 0
178 465 0
73 879 0
418 458 0
529 540 0
865 1154 0
871 1016 0
73 896 0
73 1065 0
1051 1061 0
934 948 0
1 868 0
1 660 0
645 662 0
1051 1102 0
1051 1154 0
865 1108 0
643 650 0
4 936 0
4 829 0
1 376 0
4 950 0
941 958 0
295 314 0
1051 1056 0
4 681 0
180 487 0
114 127 0
73 922 0
1 571 0
418 470 0
1 977 0
68 806 0
3 34 0
1 728 0
13 27 0
1086 1111 0
177 234 0
896 1003 0
134 137 0
195 258 0
1 459 0
177 280 0
228 256 0
1 318 0
181 521 0
52 539 0
831 841 0
73 1094 0
699 709 0
4 695 0
831 847 0
871 991 0
942 964 0
52 393 0
882 962 0
1 122 0
864 946 0
4 547 0
1 1075 0
11 19 0
1 143 0
4 589 0
1051 1068 0
194 201 0
52 437 0
1 636 0
748 795 0
4 411 0
208 272 0
73 907 0
4 524 0
871 923 0
49 139 0
68 784 0
865 1053 0
830 840 0
480 496 0
73 1140 0
1 899 0
1 983 0
417 422 0
73 953 0
890 937 0
1 450 0
934 952 0
1 1049 0
541 548 0
1098 1148 0
4 717 0
1 529 0
417 433 0
1 756 0
4 812 0
4 173 0
1 625 0
60 578 0
1 452 0
872 1045 0
358 379 0
177 252 0
683 705 0
219 348 0
871 917 0
934 957 0
200 414 0
52 436 0
195 247 0
52 411 0
1 1143 0
68 831 0
1051 1062 0
934 945 0
882 927 0
52 301 0
1 403 0
1056 1156 0
4 1109 0
177 310 0
4 879 0
1056 1139 0
454 457 0
1 1091 0
4 1040 0
807 821 0
68 733 0
4 755 0
241 258 0
177 328 0
4 386 0
4 617 0
1051 1124 0
1 746 0
865 1055 0
1 269 0
48 105 0
219 361 0
1 1123 0
750 800 0
4 121 0
358 370 0
4 798 0
751 801 0
177 323 0
882 951 0
113 122 0
78 97 0
439 471 0
1 839 0
612 617 0
68 796 0
418 449 0
1 339 0
4 1001 0
4 1119 0
869 878 0
1 1006 0
1 960 0
1 668 0
620 666 0
178 420 0
177 408 0
4 697 0
4 236 0
1 1121 0
1 182 0
1 585 0
195 378 0
750 796 0
66 657 0
865 1103 0
73 928 0
1 1112 0
75 98 0
587 590 0
68 814 0
1 928 0
4 92 0
52 439 0
52 302 0
61 588 0
195 317 0
4 1083 0
230 277 0
1 995 0
1 806 0
4 793 0
1 192 0
882 966 0
1 790 0
66 634 0
4 1103 0
1056 1092 0
267 286 0
76 127 0
180 499 0
864 997 0
78 80 0
73 997 0
4 188 0
1 911 0
197 404 0
752 822 0
1 282 0
1 1097 0
73 1114 0
587 594 0
1 1077 0
890 947 0
1 179 0
73 1146 0
4 150 0
52 449 0
884 1024 0
682 697 0
4 967 0
214 330 0
882 910 0
195 211 0
1051 1150 0
52 340 0
52 289 0
195 259 0
16 46 0
892 974 0
871 920 0
1051 1100 0
1 703 0
4 1011 0
826 834 0
1 41 0
52 235 0
585 587 0
897 1009 0
865 1090 0
807 817 0
177 198 0
438 446 0
4 1076 0
177 266 0
177 312 0
219 385 0
368 380 0
3 32 0
61 589 0
1 842 0
1 968 0
4 863 0
73 1103 0
82 93 0
195 233 0
418 475 0
1 561 0
864 905 0
4 519 0
52 535 0
1 773 0
73 1141 0
994 1005 0
4 461 0
208 315 0
4 1043 0
52 427 0
182 526 0
52 470 0
195 212 0
195 322 0
48 96 0
417 420 0
1 1064 0
177 290 0
865 1062 0
73 936 0
52 457 0
52 293 0
864 1041 0
68 820 0
60 575 0
117 121 0
934 938 0
4 1055 0
865 1076 0
864 958 0
1 1115 0
1 891 0
73 932 0
204 223 0
177 353 0
4 554 0
750 798 0
627 637 0
1 877 0
1051 1121 0
340 342 0
864 1038 0
52 491 0
871 999 0
1 785 0
865 1068 0
4 1112 0
73 1025 0
1 1035 0
195 209 0
542 554 0
4 633 0
73 934 0
50 174 0
75 92 0
1 358 0
882 977 0
4 775 0
1 937 0
63 612 0
1051 1081 0
1 246 0
1 1128 0
882 919 0
48 102 0
68 765 0
4 883 0
871 1014 0
68 813 0
52 181 0
1 328 0
113 120 0
4 227 0
1 264 0
56 547 0
4 471 0
205 224 0
73 973 0
52 357 0
4 1085 0
134 145 0
73 942 0
49 161 0
219 355 0
208 252 0
1 592 0
230 264 0
882 975 0
4 262 0
1 15 0
1 537 0
871 929 0
1 855 0
1 364 0
1 378 0
1 723 0
52 363 0
645 657 0
52 474 0
1 425 0
49 145 0
180 491 0
66 684 0
73 908 0
890 966 0
1 782 0
61 597 0
426 435 0
623 703 0
4 432 0
208 257 0
4 181 0
871 898 0
4 904 0
1051 1104 0
353 363 0
871 935 0
204 222 0
4 802 0
68 800 0
4 317 0
1 485 0
138 148 0
864 898 0
1 1021 0
73 968 0
177 367 0
1 619 0
66 655 0
1 796 0
4 790 0
208 284 0
1051 1155 0
304 318 0
1 467 0
195 327 0
134 141 0
177 262 0
52 490 0
1 469 0
4 409 0
1056 1106 0
177 314 0
608 614 0
4 1096 0
73 1020 0
1 634 0
230 262 0
4 448 0
73 1033 0
1 514 0
888 927 0
4 612 0
177 235 0
934 937 0
4 198 0
1 242 0
1051 1097 0
1 488 0
4 844 0
4 690 0
935 970 0
1 671 0
1056 1153 0
312 324 0
78 103 0
217 331 0
1 701 0
66 658 0
4 685 0
12 23 0
585 602 0
228 241 0
178 449 0
49 165 0
1 1001 0
1 798 0
1 1056 0
56 553 0
865 1097 0
66 680 0
1 377 0
68 755 0
882 894 0
113 123 0
737 775 0
3 36 0
75 83 0
357 364 0
4 800 0
1 807 0
418 454 0
418 466 0
864 975 0
195 387 0
4 333 0
177 343 0
588 599 0
1051 1157 0
620 656 0
68 826 0
66 624 0
195 345 0
208 281 0
68 768 0
4 945 0
682 696 0
52 233 0
4 969 0
219 381 0
4 1160 0
67 615 0
4 377 0
68 735 0
884 1041 0
1 939 0
864 915 0
195 376 0
4 1157 0
78 89 0
1051 1114 0
890 960 0
177 378 0
807 812 0
265 273 0
1051 1088 0
884 1027 0
4 219 0
177 363 0
1 543 0
1 252 0
61 604 0
865 1085 0
73 886 0
52 398 0
438 443 0
1 1016 0
66 661 0
1 210 0
4 169 0
4 592 0
186 192 0
73 1107 0
195 341 0
61 584 0
68 804 0
659 667 0
4 135 0
865 1080 0
4 1110 0
1 1019 0
620 643 0
4 287 0
4 118 0
196 396 0
994 1002 0
52 317 0
4 522 0
871 1037 0
4 264 0
1 980 0
882 914 0
865 1139 0
619 639 0
4 873 0
52 522 0
178 459 0
66 716 0
525 534 0
830 837 0
73 1134 0
871 1027 0
5 1167 0
1 608 0
177 276 0
3 31 0
60 567 0
73 1090 0
1056 1103 0
52 286 0
73 1035 0
1 85 0
195 255 0
1 200 0
565 570 0
1 566 0
851 853 0
890 941 0
755 830 0
177 316 0
1 206 0
683 715 0
1 530 0
1051 1132 0
889 931 0
44 46 0
864 951 0
807 823 0
195 370 0
1 424 0
884 1035 0
1 1166 0
882 995 0
882 971 0
871 934 0
177 373 0
73 987 0
1 327 0
82 104 0
882 986 0
1 1151 0
542 550 0
752 823 0
75 99 0
52 240 0
4 548 0
177 368 0
4 656 0
177 206 0
4 748 0
1056 1076 0
1 372 0
897 1011 0
4 79 0
218 340 0
1 927 0
52 261 0
52 501 0
871 1033 0
312 326 0
864 903 0
52 273 0
1 676 0
1 994 0
807 816 0
49 152 0
73 927 0
864 992 0
896 1007 0
73 982 0
1 39 0
52 379 0
52 386 0
1 407 0
1056 1101 0
865 1105 0
623 700 0
52 536 0
52 383 0
1 441 0
1056 1098 0
4 52 0
1051 1054 0
52 395 0
218 339 0
1 809 0
4 342 0
865 1135 0
4 497 0
864 947 0
1091 1131 0
73 1015 0
417 429 0
871 1029 0
1089 1115 0
1 951 0
4 1046 0
4 750 0
3 24 0
4 508 0
178 468 0
1051 1079 0
177 281 0
10 20 0
73 1110 0
699 707 0
228 239 0
812 818 0
934 965 0
882 981 0
1 506 0
1 416 0
56 548 0
1 169 0
177 372 0
195 363 0
52 521 0
1 669 0
1051 1153 0
4 712 0
231 294 0
241 259 0
52 514 0
864 880 0
48 126 0
1051 1086 0
4 910 0
4 270 0
1 574 0
1056 1072 0
687 695 0
1 678 0
628 632 0
1 349 0
52 405 0
4 500 0
230 272 0
865 1117 0
228 245 0
3 42 0
195 244 0
177 375 0
865 1126 0
1 250 0
755 829 0
4 436 0
1051 1059 0
52 459 0
79 90 0
1 867 0
888 902 0
1051 1125 0
52 513 0
208 240 0
1 26 0
1 455 0
134 138 0
4 701 0
546 560 0
734 769 0
4 1020 0
4 1140 0
49 147 0
75 84 0
231 313 0
68 850 0
4 853 0
758 854 0
1051 1065 0
4 921 0
938 953 0
68 834 0
60 569 0
1 105 0
4 758 0
1 972 0
177 344 0
1 204 0
52 206 0
1056 1148 0
1 704 0
619 640 0
208 288 0
73 1085 0
177 334 0
49 134 0
619 636 0
892 977 0
525 531 0
864 976 0
73 1102 0
4 1030 0
4 933 0
177 325 0
1 294 0
1 98 0
1 752 0
4 911 0
228 249 0
1 848 0
1 274 0
1 219 0
1 418 0
82 109 0
683 702 0
195 285 0
1 366 0
66 632 0
48 88 0
49 142 0
4 886 0
4 729 0
4 218 0
208 283 0
48 120 0
177 194 0
177 285 0
231 319 0
52 424 0
82 106 0
4 455 0
68 852 0
1091 1130 0
77 133 0
180 485 0
61 594 0
77 132 0
13 35 0
4 896 0
66 675 0
1 667 0
758 858 0
48 100 0
1 406 0
177 387 0
565 571 0
602 605 0
78 86 0
135 169 0
49 135 0
882 913 0
49 143 0
4 1048 0
1 635 0
871 900 0
865 1150 0
138 152 0
195 366 0
82 97 0
73 1023 0
52 483 0
52 498 0
4 754 0
699 708 0
134 153 0
10 21 0
182 529 0
68 829 0
418 444 0
1 304 0
1 567 0
1 558 0
1 120 0
870 879 0
73 954 0
1 717 0
68 854 0
1 426 0
4 288 0
134 144 0
1 1089 0
4 291 0
1 127 0
4 204 0
590 594 0
4 106 0
228 236 0
4 781 0
48 116 0
1 111 0
1 880 0
138 149 0
864 945 0
52 480 0
52 318 0
888 905 0
1 344 0
1 254 0
1091 1123 0
178 440 0
587 589 0
1 181 0
1 1164 0
82 99 0
1 783 0
73 941 0
52 408 0
439 472 0
4 1041 0
48 87 0
525 533 0
4 804 0
4 840 0
1 28 0
49 172 0
218 342 0
73 978 0
61 598 0
208 270 0
1 57 0
195 375 0
588 605 0
4 337 0
75 88 0
73 1062 0
1 248 0
865 1091 0
4 535 0
181 523 0
1 11 0
4 628 0
4 819 0
61 605 0
611 614 0
871 976 0
208 301 0
73 1056 0
4 769 0
745 790 0
60 573 0
1 487 0
208 229 0
628 637 0
208 299 0
177 294 0
1 44 0
1 396 0
3 25 0
882 964 0
1 336 0
196 401 0
177 369 0
546 561 0
4 378 0
10 40 0
1106 1107 0
871 1008 0
890 946 0
230 284 0
66 619 0
623 706 0
807 820 0
864 1037 0
1 878 0
871 915 0
52 183 0
180 476 0
1051 1119 0
68 756 0
888 928 0
208 291 0
10 34 0
4 625 0
73 956 0
199 409 0
620 652 0
93 103 0
52 242 0
4 727 0
219 366 0
4 1116 0
737 777 0
49 169 0
1 74 0
56 554 0
219 376 0
865 1099 0
208 310 0
1 203 0
396 400 0
4 368 0
195 213 0
219 356 0
4 490 0
1 1017 0
882 976 0
73 1127 0
4 1111 0
871 913 0
52 359 0
1 545 0
890 943 0
1 684 0
865 1054 0
882 978 0
73 1153 0
195 226 0
1 744 0
418 468 0
755 828 0
4 345 0
73 992 0
1 632 0
195 381 0
48 109 0
52 396 0
1 363 0
1 844 0
200 411 0
196 397 0
1 649 0
1 311 0
4 484 0
1 23 0
75 103 0
703 718 0
1091 1134 0
806 811 0
909 926 0
871 997 0
888 915 0
1 405 0
4 1005 0
1 149 0
890 944 0
1 1085 0
4 666 0
1060 1065 0
758 852 0
4 124 0
830 836 0
4 934 0
61 586 0
758 861 0
177 242 0
52 404 0
852 859 0
134 166 0
4 359 0
938 956 0
82 105 0
4 860 0
1 67 0
752 820 0
181 517 0
66 682 0
177 214 0
195 260 0
4 128 0
231 292 0
134 159 0
181 519 0
865 1114 0
1 836 0
4 437 0
864 912 0
608 617 0
4 108 0
4 152 0
934 950 0
68 727 0
1 708 0
230 269 0
208 287 0
755 834 0
73 1142 0
68 786 0
208 325 0
358 375 0
852 856 0
52 421 0
627 631 0
587 595 0
78 79 0
63 611 0
4 991 0
76 120 0
1 846 0
1 463 0
1 940 0
4 560 0
68 729 0
882 1015 0
1098 1150 0
177 377 0
66 633 0
1052 1160 0
4 389 0
630 633 0
73 979 0
4 613 0
73 1006 0
180 495 0
195 262 0
4 295 0
1 554 0
73 1050 0
4 160 0
4 385 0
755 842 0
4 720 0
1 1036 0
4 63 0
195 319 0
73 1017 0
864 961 0
1051 1087 0
52 500 0
4 1027 0
177 354 0
864 924 0
890 933 0
627 641 0
73 1057 0
178 462 0
4 699 0
52 198 0
177 381 0
73 1067 0
418 453 0
1 820 0
1063 1066 0
177 402 0
66 670 0
1 185 0
4 993 0
645 659 0
73 1071 0
52 476 0
1051 1118 0
682 694 0
1056 1146 0
4 1066 0
745 784 0
52 378 0
4 525 0
16 45 0
78 108 0
177 265 0
52 248 0
4 142 0
208 273 0
883 1018 0
865 1107 0
1 883 0
871 996 0
48 117 0
75 101 0
1 1087 0
893 986 0
178 448 0
1 916 0
871 968 0
418 446 0
4 820 0
73 1104 0
52 253 0
888 900 0
177 406 0
142 159 0
1 700 0
882 916 0
73 977 0
49 164 0
4 376 0
864 896 0
68 818 0
180 488 0
230 288 0
177 383 0
1 751 0
73 1120 0
66 700 0
52 296 0
73 1077 0
864 1025 0
890 954 0
1 371 0
909 927 0
4 111 0
177 319 0
1 457 0
903 921 0
4 1105 0
73 869 0
1051 1111 0
52 402 0
864 955 0
966 971 0
1 1090 0
4 651 0
195 250 0
4 1144 0
4 395 0
195 354 0
4 388 0
4 823 0
896 1001 0
994 1000 0
52 331 0
1051 1093 0
52 466 0
4 1163 0
231 291 0
52 315 0
3 22 0
1 511 0
872 1047 0
864 962 0
178 451 0
73 924 0
4 127 0
3 21 0
48 93 0
177 268 0
1 540 0
110 119 0
1097 1143 0
864 867 0
1051 1110 0
228 248 0
1 780 0
177 357 0
1097 1144 0
73 1030 0
1 1039 0
585 605 0
52 518 0
1051 1103 0
623 719 0
4 1024 0
177 301 0
1056 1085 0
195 303 0
195 353 0
195 263 0
195 314 0
4 1137 0
49 136 0
1098 1152 0
1 346 0
177 315 0
871 982 0
788 794 0
871 910 0
871 938 0
1 53 0
871 1036 0
882 945 0
1 112 0
110 115 0
1 978 0
4 667 0
1056 1102 0
52 280 0
52 179 0
1 460 0
177 264 0
4 443 0
4 159 0
864 990 0
1 55 0
73 1045 0
4 418 0
178 427 0
195 231 0
1 801 0
895 990 0
195 321 0
4 977 0
872 1050 0
4 155 0
620 653 0
871 985 0
1 769 0
4 289 0
682 695 0
4 467 0
208 313 0
4 449 0
1 461 0
208 263 0
865 1056 0
177 360 0
52 472 0
182 536 0
4 927 0
10 22 0
177 284 0
3 45 0
888 922 0
177 248 0
52 349 0
1063 1067 0
1 321 0
3 46 0
4 338 0
4 93 0
1 493 0
1 935 0
178 434 0
1 1008 0
621 672 0
73 1150 0
4 249 0
176 189 0
1 1140 0
1 490 0
208 292 0
882 997 0
890 959 0
896 1005 0
4 286 0
4 66 0
831 842 0
1 412 0
871 940 0
219 347 0
177 288 0
1 976 0
1 695 0
4 370 0
1 293 0
177 295 0
4 591 0
177 236 0
4 803 0
4 248 0
56 560 0
884 1020 0
4 965 0
52 489 0
52 367 0
208 267 0
219 352 0
195 359 0
890 956 0
73 1109 0
73 1160 0
1 1101 0
890 958 0
871 989 0
4 516 0
180 516 0
177 398 0
114 125 0
73 1099 0
73 972 0
1 679 0
4 301 0
700 710 0
4 677 0
1 275 0
73 1082 0
1056 1099 0
61 599 0
142 156 0
752 811 0
52 185 0
865 1165 0
1 915 0
758 856 0
1051 1076 0
134 161 0
1 190 0
1 651 0
1 629 0
864 1049 0
1 385 0
882 1013 0
882 929 0
4 665 0
871 903 0
142 158 0
683 716 0
73 1053 0
4 194 0
52 512 0
864 901 0
737 780 0
439 464 0
195 374 0
682 687 0
1 140 0
4 390 0
1063 1068 0
4 780 0
4 897 0
4 123 0
4 482 0
68 724 0
73 1009 0
1051 1067 0
52 230 0
177 254 0
4 341 0
52 450 0
934 963 0
73 963 0
418 474 0
228 246 0
4 1084 0
79 91 0
180 512 0
864 878 0
196 393 0
195 248 0
871 971 0
180 514 0
79 84 0
82 98 0
752 815 0
4 590 0
73 1068 0
1 913 0
1 353 0
934 939 0
88 90 0
1 17 0
4 197 0
864 885 0
177 246 0
68 749 0
52 529 0
52 227 0
1 705 0
195 208 0
1 510 0
66 712 0
4 1026 0
4 725 0
621 670 0
812 816 0
417 437 0
4 827 0
195 284 0
1 522 0
177 277 0
1056 1108 0
73 947 0
897 1012 0
195 203 0
195 243 0
68 775 0
180 494 0
888 903 0
807 818 0
4 1032 0
1 818 0
4 759 0
865 1069 0
683 709 0
510 516 0
4 1071 0
4 434 0
48 99 0
73 1013 0
208 280 0
4 1094 0
1 620 0
13 31 0
61 606 0
68 861 0
1 631 0
1 83 0
3 16 0
4 1153 0
4 59 0
1146 1156 0
884 1028 0
1 1042 0
182 538 0
208 286 0
888 907 0
2 8 0
4 912 0
66 694 0
195 306 0
1 838 0
1 656 0
1 7 0
66 691 0
4 157 0
195 346 0
75 96 0
1 575 0
79 86 0
52 187 0
4 223 0
1 1007 0
1 970 0
871 1002 0
755 831 0
4 87 0
630 636 0
871 1042 0
177 330 0
49 144 0
882 985 0
180 515 0
585 597 0
178 444 0
852 858 0
68 816 0
4 47 0
1 833 0
933 936 0
1 472 0
4 700 0
4 182 0
882 957 0
267 288 0
4 452 0
66 622 0
4 77 0
1 609 0
1 221 0
4 1058 0
644 656 0
1 6 0
1 984 0
1 319 0
1 256 0
1 1020 0
4 744 0
4 350 0
1 113 0
1 462 0
138 147 0
864 893 0
231 293 0
52 325 0
178 439 0
52 351 0
4 457 0
4 353 0
4 558 0
865 1153 0
882 918 0
871 950 0
52 471 0
4 82 0
1 155 0
4 364 0
73 1133 0
1085 1106 0
195 283 0
68 748 0
73 1162 0
1 1038 0
882 922 0
1 527 0
4 686 0
758 850 0
68 771 0
217 332 0
882 905 0
4 714 0
4 300 0
66 715 0
177 227 0
4 343 0
934 958 0
4 53 0
78 99 0
4 451 0
417 426 0
4 257 0
4 893 0
177 393 0
1 121 0
178 436 0
1 173 0
871 887 0
4 56 0
4 593 0
864 877 0
4 462 0
4 1039 0
871 1039 0
52 336 0
180 504 0
872 1048 0
1 627 0
1 1168 0
1 549 0
4 88 0
722 723 0
831 843 0
1078 1102 0
1 20 0
882 955 0
892 973 0
1 342 0
1098 1149 0
52 452 0
1 5 0
252 260 0
98 107 0
208 297 0
138 145 0
52 330 0
1 613 0
73 914 0
1 281 0
4 596 0
871 990 0
75 109 0
1 430 0
865 1162 0
66 701 0
195 369 0
4 510 0
177 321 0
66 638 0
358 373 0
177 258 0
4 102 0
4 604 0
872 1043 0
195 206 0
682 693 0
703 719 0
4 216 0
4 399 0
4 938 0
180 505 0
1 1074 0
230 285 0
78 98 0
1 119 0
1056 1095 0
4 696 0
4 147 0
68 743 0
1 278 0
882 933 0
4 187 0
4 762 0
4 453 0
66 696 0
82 100 0
745 785 0
4 588 0
4 545 0
4 777 0
1 361 0
864 952 0
52 338 0
230 273 0
68 851 0
4 849 0
1 35 0
116 119 0
1 645 0
113 121 0
208 238 0
4 946 0
177 341 0
488 511 0
1 681 0
488 516 0
1 411 0
195 210 0
52 298 0
208 233 0
20 25 0
4 901 0
4 789 0
68 835 0
82 103 0
4 1070 0
4 942 0
1056 1074 0
758 860 0
4 931 0
627 635 0
73 1117 0
4 745 0
4 903 0
1 854 0
73 1007 0
1 922 0
934 947 0
1 1081 0
1 578 0
645 661 0
340 345 0
73 1163 0
1 1108 0
4 1120 0
4 238 0
864 926 0
61 590 0
1 1102 0
48 130 0
230 265 0
195 307 0
417 432 0
195 330 0
1056 1089 0
195 301 0
4 397 0
66 706 0
871 962 0
49 156 0
4 180 0
56 559 0
73 1048 0
73 1158 0
588 600 0
882 994 0
1056 1147 0
182 530 0
585 594 0
73 892 0
1 1159 0
1091 1135 0
1 227 0
195 291 0
1 1122 0
1146 1154 0
1 859 0
4 65 0
1 548 0
73 933 0
52 193 0
3 43 0
1 422 0
4 763 0
4 970 0
864 989 0
228 233 0
864 919 0
1 1050 0
4 488 0
586 606 0
178 417 0
219 364 0
4 1104 0
4 675 0
4 658 0
1 66 0
1 498 0
418 441 0
219 371 0
60 566 0
1054 1068 0
627 630 0
208 296 0
1 865 0
48 128 0
73 1116 0
4 112 0
587 592 0
4 676 0
110 125 0
1 314 0
4 778 0
180 479 0
178 437 0
4 539 0
4 391 0
52 347 0
703 716 0
1166 1167 0
79 88 0
865 1133 0
623 689 0
918 930 0
864 904 0
439 474 0
1052 1163 0
418 467 0
1 1092 0
1 415 0
208 256 0
177 346 0
864 956 0
60 564 0
73 976 0
1 236 0
49 150 0
177 241 0
267 289 0
934 960 0
4 788 0
1 1124 0
882 909 0
4 1151 0
1 273 0
75 89 0
4 465 0
871 912 0
865 1131 0
4 951 0
864 954 0
488 514 0
230 263 0
4 144 0
1056 1129 0
4 412 0
882 941 0
683 708 0
56 541 0
66 673 0
864 1036 0
4 76 0
1 860 0
4 475 0
265 272 0
864 965 0
52 223 0
1 37 0
1 1126 0
1 63 0
1 76 0
195 216 0
4 224 0
4 1135 0
643 654 0
884 1021 0
13 30 0
68 791 0
1 598 0
1 427 0
1 473 0
4 1004 0
1 408 0
195 275 0
488 512 0
1 50 0
4 767 0
4 861 0
752 824 0
1 562 0
1056 1090 0
882 1003 0
1 948 0
52 460 0
1 715 0
882 903 0
1 22 0
73 989 0
1 953 0
1 446 0
701 711 0
973 978 0
1051 1137 0
1056 1137 0
177 256 0
871 1019 0
195 360 0
4 962 0
73 906 0
865 1128 0
882 942 0
68 738 0
4 741 0
68 810 0
231 290 0
1078 1101 0
360 384 0
219 360 0
1 760 0
1 474 0
67 610 0
73 1115 0
4 687 0
1 828 0
4 996 0
52 406 0
1 661 0
68 790 0
871 977 0
78 91 0
52 468 0
195 339 0
1 647 0
4 768 0
871 1035 0
231 297 0
228 258 0
1 544 0
4 682 0
619 627 0
4 566 0
10 24 0
4 974 0
208 300 0
587 591 0
4 189 0
52 495 0
73 1092 0
66 671 0
567 581 0
73 946 0
1 1011 0
438 441 0
1 734 0
10 19 0
1 135 0
4 308 0
177 213 0
1 90 0
1 698 0
4 871 0
4 156 0
755 841 0
114 124 0
4 619 0
807 813 0
52 282 0
52 329 0
180 478 0
4 520 0
195 261 0
882 979 0
480 495 0
1 764 0
871 959 0
623 716 0
1 1005 0
68 742 0
1 973 0
73 1031 0
4 908 0
186 193 0
871 901 0
1 171 0
1 291 0
1 129 0
177 396 0
865 1057 0
1 1167 0
1 1003 0
73 1011 0
1 726 0
1 1139 0
1 52 0
4 774 0
134 151 0
1 974 0
976 980 0
745 788 0
1 60 0
884 1032 0
1089 1114 0
1 71 0
871 890 0
1 821 0
4 1107 0
752 805 0
464 471 0
73 882 0
1 662 0
1 317 0
73 1096 0
52 306 0
882 907 0
903 923 0
1056 1151 0
52 250 0
882 932 0
93 98 0
230 283 0
1 691 0
1 217 0
66 689 0
438 448 0
61 596 0
976 979 0
73 1034 0
871 949 0
195 268 0
882 911 0
4 1128 0
4 489 0
4 372 0
871 954 0
934 955 0
52 303 0
1 202 0
4 707 0
1051 1159 0
1051 1112 0
180 506 0
788 792 0
1 420 0
4 408 0
3 13 0
10 12 0
360 385 0
1 1096 0
934 954 0
177 283 0
1 724 0
1 810 0
4 1131 0
113 116 0
542 552 0
4 557 0
896 1002 0
1089 1121 0
1 964 0
882 938 0
687 698 0
76 124 0
864 982 0
871 882 0
67 612 0
896 997 0
994 1006 0
1091 1137 0
285 289 0
4 906 0
869 876 0
882 969 0
1089 1122 0
620 654 0
934 940 0
1 301 0
864 882 0
73 1119 0
486 505 0
1 95 0
682 690 0
219 384 0
4 751 0
1 218 0
871 998 0
4 54 0
882 939 0
176 192 0
73 1105 0
230 287 0
4 119 0
1 910 0
66 618 0
3 14 0
871 1005 0
231 321 0
52 203 0
888 924 0
1056 1130 0
682 689 0
219 358 0
66 683 0
231 325 0
75 105 0
4 284 0
622 680 0
3 28 0
73 866 0
439 473 0
1 748 0
1051 1144 0
180 498 0
1 104 0
4 1121 0
1 934 0
177 371 0
4 73 0
1 68 0
1 638 0
4 1080 0
1051 1133 0
871 988 0
208 274 0
865 1143 0
52 532 0
182 525 0
623 699 0
805 809 0
745 794 0
752 808 0
52 534 0
1 690 0
177 195 0
4 1162 0
1 368 0
4 281 0
1146 1150 0
882 940 0
483 503 0
66 647 0
865 1072 0
1 902 0
726 760 0
177 403 0
178 432 0
195 205 0
16 42 0
4 772 0
178 429 0
1 930 0
864 1001 0
865 1138 0
195 282 0
208 243 0
831 845 0
141 155 0
4 660 0
864 970 0
73 1151 0
626 721 0
195 251 0
178 418 0
1 861 0
4 140 0
871 892 0
4 318 0
4 207 0
890 940 0
1 220 0
73 930 0
4 706 0
871 1015 0
48 91 0
1 497 0
68 764 0
52 385 0
230 268 0
4 1098 0
230 279 0
75 81 0
4 60 0
567 576 0
195 218 0
864 1011 0
438 449 0
68 752 0
73 1148 0
56 550 0
4 915 0
208 247 0
73 1080 0
4 711 0
1030 1040 0
177 199 0
4 107 0
52 335 0
180 490 0
52 526 0
1079 1104 0
1 1052 0
439 462 0
1056 1075 0
1 150 0
231 298 0
934 961 0
439 470 0
52 375 0
1089 1112 0
195 340 0
1 665 0
13 36 0
567 582 0
4 809 0
358 371 0
1 787 0
1 1072 0
10 33 0
196 399 0
177 304 0
68 758 0
66 714 0
1051 1075 0
73 1152 0
52 412 0
52 228 0
1 504 0
66 702 0
623 718 0
1106 1108 0
882 901 0
1 856 0
1051 1131 0
3 27 0
4 570 0
1068 1069 0
52 215 0
1 992 0
78 81 0
68 824 0
4 726 0
864 1013 0
266 276 0
882 912 0
1 1009 0
865 1140 0
195 290 0
1 853 0
267 280 0
1 453 0
942 960 0
4 371 0
4 922 0
1 737 0
4 902 0
177 296 0
464 472 0
888 923 0
890 950 0
1 312 0
181 520 0
177 255 0
522 523 0
4 70 0
871 1026 0
4 796 0
63 615 0
1 743 0
752 804 0
208 290 0
4 420 0
1 125 0
807 819 0
195 242 0
1 825 0
623 682 0
1 1000 0
1 1094 0
1 12 0
73 1113 0
864 980 0
882 1005 0
1051 1146 0
864 1012 0
4 594 0
864 886 0
10 26 0
1 1025 0
4 196 0
488 510 0
134 150 0
1 837 0
4 366 0
4 735 0
480 499 0
623 708 0
934 949 0
1 831 0
1 680 0
4 900 0
1 792 0
1 263 0
240 257 0
1 110 0
75 104 0
208 302 0
63 616 0
657 664 0
1 417 0
623 696 0
1 516 0
1 699 0
78 85 0
4 425 0
4 836 0
1 556 0
1 392 0
178 438 0
4 692 0
4 298 0
4 1134 0
1 123 0
807 815 0
60 579 0
1 56 0
865 1087 0
4 600 0
66 639 0
10 32 0
4 498 0
4 58 0
73 961 0
438 456 0
4 1090 0
177 243 0
52 505 0
1 986 0
426 436 0
4 1015 0
177 348 0
4 1078 0
177 307 0
66 677 0
4 141 0
4 644 0
4 923 0
1 231 0
4 1093 0
1085 1105 0
52 243 0
52 294 0
728 762 0
4 464 0
4 256 0
52 333 0
73 1128 0
1 898 0
73 1018 0
4 496 0
1 381 0
73 1051 0
134 162 0
177 391 0
758 849 0
1056 1093 0
52 469 0
231 320 0
4 254 0
386 390 0
13 39 0
1 193 0
68 788 0
68 751 0
177 410 0
4 643 0
1 1067 0
871 904 0
4 614 0
4 1061 0
935 969 0
1 230 0
1 553 0
1 1033 0
884 1029 0
195 355 0
4 361 0
4 541 0
177 240 0
1 819 0
1 581 0
1 334 0
195 278 0
67 616 0
4 1021 0
1 666 0
882 954 0
68 860 0
195 344 0
871 986 0
13 33 0
1 354 0
1098 1151 0
830 839 0
208 317 0
864 879 0
1059 1159 0
219 346 0
882 889 0
4 837 0
1056 1073 0
1 565 0
882 948 0
66 656 0
177 229 0
4 55 0
4 463 0
52 485 0
52 218 0
182 539 0
4 427 0
1 942 0
228 255 0
66 674 0
208 237 0
4 137 0
66 650 0
49 140 0
4 595 0
228 251 0
1 228 0
1 481 0
4 1127 0
1 952 0
864 928 0
1051 1055 0
4 1073 0
176 191 0
890 971 0
1 805 0
1 1154 0
68 807 0
195 325 0
113 115 0
1 602 0
882 991 0
4 1025 0
752 814 0
4 578 0
396 401 0
1 115 0
177 332 0
3 30 0
56 555 0
864 977 0
864 1034 0
4 808 0
4 655 0
52 324 0
1 767 0
865 1078 0
73 910 0
864 972 0
110 121 0
52 434 0
4 151 0
68 789 0
75 91 0
4 1142 0
1 551 0
1 858 0
865 1088 0
897 1010 0
4 632 0
1 428 0
421 428 0
60 581 0
4 1125 0
864 868 0
1 967 0
4 930 0
864 1047 0
4 131 0
1 298 0
608 615 0
864 875 0
739 781 0
4 743 0
4 438 0
52 176 0
1 771 0
142 168 0
938 954 0
882 937 0
195 274 0
3 19 0
48 113 0
4 260 0
865 1101 0
4 407 0
623 697 0
52 446 0
864 1043 0
10 18 0
135 172 0
68 740 0
1 9 0
1 641 0
195 246 0
1 164 0
1051 1091 0
884 1038 0
871 955 0
737 778 0
4 49 0
1 988 0
682 688 0
1 323 0
1051 1085 0
195 254 0
1098 1146 0
882 1011 0
1 736 0
73 1070 0
1 777 0
1 673 0
75 107 0
73 923 0
4 1064 0
219 349 0
888 929 0
4 638 0
357 365 0
1 116 0
52 275 0
888 930 0
1 240 0
73 959 0
4 653 0
4 703 0
177 340 0
1 1116 0
4 1132 0
52 210 0
73 880 0
219 387 0
896 1004 0
4 935 0
871 922 0
934 944 0
4 892 0
177 217 0
4 251 0
4 527 0
871 919 0
4 959 0
360 388 0
137 144 0
360 387 0
571 573 0
1 1095 0
73 1039 0
4 713 0
619 632 0
4 183 0
52 520 0
68 833 0
214 328 0
177 349 0
1 29 0
4 579 0
1051 1140 0
588 597 0
230 280 0
4 528 0
52 310 0
4 1082 0
73 935 0
4 932 0
4 311 0
1 211 0
623 707 0
231 323 0
1 126 0
73 938 0
73 1044 0
358 369 0
4 831 0
1 1130 0
4 404 0
73 1081 0
49 168 0
545 558 0
208 226 0
892 978 0
732 765 0
52 316 0
75 94 0
195 356 0
752 819 0
622 675 0
4 663 0
542 551 0
1 261 0
864 917 0
1 523 0
1 610 0
4 167 0
864 959 0
4 440 0
890 957 0
177 249 0
994 999 0
871 1025 0
305 320 0
871 1020 0
1 495 0
1 444 0
4 1088 0
4 280 0
1089 1117 0
1 623 0
1051 1128 0
4 429 0
4 764 0
52 345 0
1056 1152 0
177 311 0
177 218 0
4 895 0
4 351 0
585 593 0
52 467 0
4 889 0
865 1144 0
177 211 0
208 303 0
4 1079 0
1 384 0
1 431 0
68 827 0
48 108 0
973 977 0
73 1027 0
177 203 0
1 732 0
195 207 0
1 137 0
1 1057 0
1 981 0
4 164 0
208 239 0
4 336 0
864 889 0
871 995 0
1 499 0
1 621 0
1 131 0
265 274 0
1 33 0
228 238 0
1 48 0
52 245 0
1 101 0
4 1117 0
852 854 0
228 254 0
52 361 0
871 1004 0
4 143 0
628 640 0
10 37 0
177 200 0
180 493 0
882 920 0
208 249 0
52 186 0
871 1024 0
4 1050 0
52 419 0
865 1122 0
52 538 0
4 982 0
890 949 0
4 435 0
4 888 0
1 94 0
3 40 0
1 557 0
1 873 0
4 561 0
645 668 0
418 462 0
52 297 0
1 163 0
871 1000 0
4 1035 0
4 576 0
178 424 0
882 972 0
623 710 0
3 11 0
4 838 0
217 334 0
68 773 0
79 89 0
4 979 0
1 959 0
111 129 0
73 1126 0
1 515 0
567 575 0
4 165 0
4 290 0
631 637 0
1 391 0
208 314 0
1056 1138 0
871 939 0
1 1145 0
1056 1082 0
608 612 0
941 959 0
1 156 0
439 465 0
1 458 0
620 664 0
4 325 0
186 191 0
1 518 0
1054 1061 0
1 779 0
1 802 0
4 961 0
73 1161 0
4 609 0
231 315 0
418 471 0
4 730 0
231 312 0
195 324 0
871 1010 0
893 982 0
195 271 0
4 512 0
896 993 0
195 294 0
1107 1108 0
4 176 0
49 155 0
208 326 0
882 1002 0
1 546 0
1 306 0
1 77 0
1 266 0
56 552 0
4 586 0
180 502 0
195 256 0
1 1041 0
682 691 0
3 26 0
4 81 0
239 254 0
4 783 0
73 1028 0
78 94 0
52 481 0
1 10 0
4 398 0
117 122 0
807 824 0
4 784 0
1 1063 0
1056 1120 0
588 598 0
208 318 0
195 220 0
4 312 0
197 403 0
1 663 0
882 944 0
178 469 0
73 1137 0
871 1001 0
1 729 0
73 1016 0
68 856 0
1051 1069 0
3 39 0
1056 1122 0
49 157 0
755 843 0
178 450 0
1 93 0
1 528 0
228 253 0
4 1124 0
68 821 0
73 944 0
4 549 0
938 950 0
1 907 0
745 786 0
682 685 0
1 325 0
1 308 0
68 754 0
418 456 0
1098 1153 0
195 365 0
1 310 0
4 710 0
78 100 0
52 484 0
1 766 0
177 293 0
4 960 0
4 649 0
1 901 0
52 503 0
195 264 0
628 639 0
73 875 0
4 622 0
585 598 0
110 117 0
195 293 0
882 892 0
52 477 0
110 124 0
4 1091 0
52 320 0
4 1034 0
1 1059 0
73 1136 0
1 486 0
438 454 0
1 956 0
73 1147 0
73 894 0
1 857 0
864 948 0
1 359 0
4 924 0
934 946 0
1056 1136 0
73 1002 0
807 814 0
195 279 0
4 834 0
510 514 0
4 605 0
195 236 0
890 962 0
872 1049 0
865 1064 0
177 327 0
1 1160 0
208 234 0
1 183 0
1 437 0
267 287 0
60 574 0
66 697 0
177 267 0
68 732 0
230 282 0
68 737 0
1 395 0
882 989 0
52 420 0
4 71 0
1089 1113 0
29 33 0
788 790 0
1 772 0
68 746 0
4 478 0
52 381 0
1 1031 0
177 251 0
13 28 0
1 664 0
4 984 0
4 103 0
871 994 0
864 910 0
417 436 0
52 423 0
195 225 0
1 166 0
195 252 0
98 106 0
1 34 0
52 312 0
1056 1087 0
196 394 0
61 591 0
4 239 0
1 146 0
68 728 0
66 713 0
1 1161 0
619 638 0
73 1149 0
1 633 0
864 1000 0
4 272 0
5 1166 0
750 799 0
565 572 0
68 855 0
1 216 0
76 128 0
52 456 0
4 1008 0
4 84 0
865 1075 0
52 444 0
68 819 0
177 376 0
219 389 0
1 496 0
195 267 0
1056 1131 0
208 235 0
1 512 0
66 687 0
219 390 0
76 116 0
230 266 0
52 368 0
68 757 0
4 556 0
1 180 0
134 156 0
865 1096 0
1051 1122 0
1 931 0
4 1059 0
1 492 0
508 513 0
1 617 0
4 992 0
52 220 0
1 398 0
305 321 0
1 47 0
68 725 0
267 282 0
49 137 0
4 734 0
52 269 0
565 569 0
178 430 0
10 35 0
195 229 0
1 918 0
180 477 0
176 190 0
77 131 0
52 202 0
815 823 0
695 697 0
60 583 0
10 46 0
864 1007 0
608 616 0
4 499 0
541 547 0
1 260 0
73 1123 0
178 447 0
1 923 0
864 1009 0
73 895 0
76 118 0
52 339 0
231 306 0
621 671 0
486 504 0
758 859 0
1 1061 0
1 659 0
1 468 0
68 782 0
4 220 0
1 172 0
864 949 0
1 591 0
1 276 0
863 866 0
418 459 0
1 509 0
1 40 0
4 1031 0
4 125 0
4 138 0
68 761 0
68 741 0
701 713 0
195 272 0
871 891 0
208 245 0
68 753 0
871 1013 0
882 988 0
439 467 0
1 979 0
1 1148 0
1 830 0
4 69 0
864 906 0
1 741 0
177 305 0
418 438 0
4 657 0
73 913 0
4 431 0
745 787 0
78 87 0
871 889 0
208 321 0
4 120 0
52 328 0
882 980 0
464 475 0
1 814 0
1 223 0
4 680 0
525 536 0
4 874 0
871 1040 0
4 240 0
864 911 0
1119 1122 0
1 892 0
871 884 0
4 355 0
1 876 0
1 133 0
208 244 0
1 362 0
882 925 0
177 259 0
608 613 0
76 111 0
4 765 0
439 460 0
4 1057 0
48 123 0
4 534 0
864 897 0
1 225 0
1 754 0
4 574 0
938 955 0
1 330 0
4 253 0
1 272 0
871 944 0
619 631 0
231 311 0
178 446 0
52 189 0
78 102 0
195 296 0
52 285 0
1054 1065 0
682 686 0
4 954 0
4 1063 0
1 847 0
872 1044 0
871 1028 0
231 301 0
864 1026 0
620 649 0
195 362 0
73 917 0
4 881 0
1056 1077 0
1051 1152 0
4 426 0
4 724 0
4 882 0
68 811 0
4 171 0
68 823 0
4 122 0
48 76 0
1 707 0
1 765 0
4 170 0
1 1086 0
93 101 0
1 926 0
890 942 0
1056 1141 0
4 477 0
208 306 0
110 113 0
864 987 0
52 217 0
110 122 0
1056 1097 0
737 779 0
1 886 0
882 921 0
134 168 0
73 994 0
219 369 0
865 1160 0
865 1104 0
142 165 0
752 816 0
4 315 0
52 305 0
56 544 0
73 995 0
1 525 0
864 884 0
1 30 0
4 192 0
283 287 0
1 642 0
177 245 0
888 910 0
888 916 0
1091 1138 0
230 289 0
683 704 0
52 523 0
865 1077 0
1098 1156 0
76 115 0
1 520 0
737 776 0
1 654 0
20 26 0
882 1004 0
4 722 0
1 688 0
1 244 0
73 1086 0
4 78 0
4 335 0
52 236 0
73 984 0
1 628 0
871 926 0
177 399 0
4 515 0
68 843 0
182 534 0
180 483 0
4 563 0
1091 1125 0
1 4 0
1051 1123 0
48 131 0
73 1159 0
52 384 0
864 938 0
73 864 0
890 968 0
231 295 0
864 883 0
60 582 0
1 195 0
4 136 0
4 354 0
177 224 0
73 903 0
61 585 0
1 758 0
1 1078 0
4 1051 0
177 337 0
231 310 0
68 745 0
1 1024 0
66 711 0
4 166 0
1 109 0
178 470 0
52 190 0
871 897 0
1 552 0
825 832 0
1 69 0
4 226 0
178 428 0
1 188 0
4 1047 0
67 722 0
52 356 0
966 970 0
752 809 0
219 379 0
1 333 0
52 527 0
29 32 0
177 223 0
195 280 0
4 476 0
1 616 0
111 130 0
4 718 0
864 909 0
177 392 0
1 793 0
1 949 0
208 231 0
52 475 0
73 920 0
1 718 0
56 549 0
177 351 0
1 82 0
219 350 0
4 339 0
208 228 0
1 697 0
56 557 0
176 185 0
4 610 0
208 293 0
177 210 0
1 153 0
865 1148 0
871 943 0
76 112 0
231 304 0
1 45 0
4 133 0
864 1044 0
418 464 0
864 1014 0
1 447 0
755 845 0
864 1021 0
56 543 0
68 730 0
1 813 0
864 934 0
73 1154 0
1056 1154 0
76 123 0
4 439 0
871 969 0
219 351 0
4 1060 0
1 749 0
871 970 0
896 998 0
864 991 0
177 300 0
1056 1079 0
208 230 0
52 304 0
1 958 0
76 117 0
1 356 0
177 197 0
177 298 0
30 36 0
52 308 0
177 416 0
1 579 0
73 1059 0
4 297 0
78 96 0
418 442 0
177 386 0
4 523 0
52 225 0
4 1002 0
391 399 0
4 990 0
906 925 0
1 507 0
1051 1070 0
4 62 0
66 640 0
619 637 0
52 221 0
1 577 0
180 509 0
1 725 0
871 984 0
52 425 0
418 463 0
882 953 0
73 883 0
48 83 0
73 1063 0
82 92 0
231 296 0
4 511 0
1 335 0
620 662 0
52 540 0
66 652 0
424 434 0
439 458 0
66 629 0
208 304 0
4 203 0
73 901 0
4 1052 0
4 776 0
882 1014 0
1 1028 0
1 1088 0
864 1027 0
865 1074 0
755 838 0
1056 1084 0
864 1022 0
888 906 0
1051 1147 0
52 414 0
52 417 0
4 267 0
4 319 0
73 1106 0
176 186 0
1 18 0
177 313 0
1 1106 0
1 945 0
619 634 0
3 10 0
702 715 0
541 549 0
1 646 0
52 358 0
755 825 0
195 202 0
1086 1110 0
4 1145 0
195 373 0
1091 1139 0
10 38 0
208 254 0
4 323 0
4 356 0
896 994 0
52 493 0
1 536 0
1 145 0
203 220 0
612 616 0
219 383 0
93 108 0
701 714 0
3 37 0
1 893 0
178 453 0
177 374 0
208 295 0
864 922 0
228 257 0
52 377 0
939 957 0
1 16 0
882 946 0
52 364 0
4 799 0
73 868 0
864 996 0
305 322 0
73 1101 0
195 276 0
1 297 0
66 662 0
1 615 0
195 312 0
49 151 0
177 215 0
882 999 0
510 515 0
4 816 0
788 793 0
1 862 0
195 333 0
1 61 0
1 212 0
76 113 0
1 414 0
52 355 0
4 1056 0
4 716 0
1054 1062 0
68 734 0
1 484 0
1 136 0
885 1042 0
629 641 0
4 533 0
178 421 0
871 981 0
73 1012 0
871 937 0
134 164 0
4 161 0
4 601 0
178 425 0
884 1036 0
4 450 0
864 1006 0
93 102 0
219 382 0
73 1131 0
1 652 0
883 1016 0
4 1081 0
884 1023 0
60 580 0
10 30 0
177 253 0
73 1008 0
10 45 0
177 345 0
4 185 0
1085 1108 0
208 255 0
628 630 0
48 110 0
889 932 0
73 1040 0
178 435 0
66 623 0
177 411 0
864 1016 0
73 1122 0
865 1061 0
871 1018 0
195 371 0
1051 1117 0
4 237 0
1 99 0
227 232 0
871 936 0
1 840 0
208 241 0
4 597 0
4 441 0
4 387 0
865 1067 0
178 445 0
1051 1058 0
1 32 0
871 966 0
68 857 0
56 561 0
73 888 0
1051 1129 0
267 283 0
195 265 0
78 109 0
4 428 0
1056 1091 0
864 925 0
68 736 0
4 1147 0
76 110 0
755 836 0
1 471 0
732 764 0
1 449 0
464 473 0
865 1137 0
4 146 0
1052 1161 0
864 900 0
52 244 0
82 101 0
1 337 0
358 372 0
864 1030 0
1056 1080 0
1 950 0
4 928 0
1 1071 0
882 898 0
1051 1090 0
73 1010 0
1 989 0
52 212 0
14 40 0
645 665 0
871 956 0
134 163 0
134 152 0
4 422 0
620 650 0
882 965 0
75 93 0
135 171 0
4 230 0
682 692 0
439 475 0
358 374 0
4 994 0
4 855 0
78 104 0
1 894 0
1 568 0
4 506 0
1 439 0
1 643 0
4 396 0
4 637 0
68 825 0
177 308 0
890 961 0
52 291 0
1 657 0
871 918 0
1 593 0
1 755 0
934 959 0
1 890 0
865 1058 0
4 472 0
228 260 0
4 104 0
73 1097 0
628 631 0
1 38 0
4 683 0
66 667 0
755 839 0
110 112 0
4 205 0
228 261 0
4 787 0
4 1053 0
52 274 0
137 143 0
1 1084 0
195 215 0
871 965 0
1 607 0
48 80 0
4 869 0
4 832 0
4 877 0
208 282 0
4 1102 0
208 289 0
3 17 0
4 279 0
1051 1135 0
52 307 0
195 295 0
182 527 0
231 299 0
177 247 0
4 674 0
48 89 0
142 157 0
1056 1121 0
935 966 0
882 982 0
481 500 0
4 719 0
683 703 0
68 801 0
4 503 0
488 509 0
66 628 0
177 297 0
623 690 0
1 1105 0
1 302 0
871 987 0
1 924 0
178 443 0
4 939 0
208 311 0
1 58 0
1 3 0
4 50 0
864 950 0
66 630 0
3 12 0
1 265 0
1 375 0
1 324 0
1 283 0
1 215 0
882 906 0
619 630 0
73 1042 0
4 231 0
178 441 0
195 382 0
888 919 0
177 331 0
4 1010 0
178 466 0
52 428 0
52 300 0
1 596 0
4 67 0
871 941 0
1 489 0
1 971 0
643 653 0
52 276 0
882 967 0
208 294 0
1 583 0
73 1036 0
1 1099 0
4 365 0
1 25 0
134 148 0
30 38 0
1 1082 0
49 173 0
177 339 0
892 981 0
1 905 0
182 537 0
52 429 0
4 785 0
1 895 0
417 421 0
864 907 0
1 251 0
486 507 0
4 517 0
895 988 0
10 43 0
1 1015 0
623 713 0
1053 1164 0
75 95 0
896 1000 0
1 874 0
52 496 0
4 375 0
178 464 0
882 958 0
1 322 0
195 241 0
4 542 0
340 343 0
4 423 0
78 101 0
4 659 0
230 267 0
882 1007 0
1063 1069 0
1091 1129 0
4 894 0
52 272 0
1031 1041 0
52 199 0
1 284 0
4 918 0
1 965 0
4 833 0
52 263 0
73 1004 0
608 609 0
897 1013 0
4 1152 0
942 961 0
66 636 0
864 968 0
890 967 0
4 163 0
888 914 0
1054 1067 0
660 669 0
1 534 0
68 747 0
865 1065 0
67 613 0
1 1103 0
1 655 0
52 443 0
1 196 0
52 259 0
30 39 0
1091 1136 0
52 432 0
195 384 0
52 188 0
1056 1081 0
1 521 0
439 466 0
4 250 0
4 878 0
48 111 0
1 993 0
585 595 0
73 909 0
864 935 0
620 657 0
240 255 0
882 943 0
4 723 0
1 369 0
865 1120 0
579 580 0
882 1006 0
865 1070 0
52 403 0
181 518 0
1 505 0
4 1141 0
890 955 0
1 1069 0
938 952 0
1 812 0
864 920 0
1 27 0
4 410 0
628 633 0
4 916 0
1 399 0
417 424 0
1 451 0
1 612 0
476 490 0
812 817 0
177 409 0
882 931 0
142 164 0
49 163 0
52 234 0
1 1156 0
3 18 0
1078 1103 0
52 399 0
4 328 0
1 338 0
178 456 0
195 348 0
1 733 0
778 780 0
871 906 0
871 1012 0
4 856 0
4 891 0
1056 1096 0
68 842 0
1 589 0
4 917 0
1051 1106 0
110 120 0
588 604 0
890 935 0
865 1115 0
1 675 0
103 108 0
68 859 0
994 998 0
13 29 0
934 962 0
351 362 0
1 241 0
623 711 0
1 946 0
755 827 0
864 942 0
4 909 0
1 160 0
4 214 0
208 227 0
896 1006 0
219 378 0
52 426 0
73 986 0
73 1026 0
52 350 0
177 302 0
1 270 0
643 655 0
1051 1057 0
1 794 0
1051 1108 0
48 82 0
865 1163 0
464 474 0
4 331 0
1 672 0
195 232 0
4 110 0
75 78 0
230 276 0
4 246 0
737 774 0
1091 1128 0
141 154 0
1051 1134 0
683 717 0
177 380 0
1051 1156 0
73 955 0
4 584 0
4 623 0
312 325 0
1 804 0
73 958 0
1 975 0
68 792 0
66 621 0
4 222 0
934 953 0
1 46 0
4 664 0
4 384 0
871 896 0
52 486 0
73 988 0
177 202 0
73 893 0
4 344 0
4 887 0
687 697 0
4 839 0
1 776 0
4 786 0
48 132 0
1 19 0
4 890 0
1 235 0
4 75 0
4 466 0
52 323 0
864 1019 0
48 121 0
52 262 0
52 352 0
267 285 0
865 1084 0
177 299 0
1 689 0
180 511 0
4 929 0
1056 1113 0
620 668 0
4 957 0
182 528 0
4 134 0
218 338 0
195 304 0
1 238 0
4 1075 0
110 116 0
4 998 0
1091 1142 0
659 668 0
784 789 0
177 221 0
4 640 0
52 180 0
52 327 0
1 1111 0
1 834 0
918 929 0
1 1076 0
733 766 0
865 1125 0
1 719 0
178 475 0
1 209 0
1 1073 0
871 885 0
195 329 0
4 862 0
4 865 0
1 730 0
683 699 0
1 239 0
4 486 0
68 770 0
73 1079 0
4 129 0
882 960 0
48 77 0
4 973 0
4 212 0
93 105 0
4 458 0
1 580 0
231 317 0
1 1068 0
52 524 0
3 35 0
884 1034 0
4 1017 0
865 1102 0
4 662 0
1 1137 0
1 759 0
1 154 0
852 861 0
138 151 0
4 684 0
66 717 0
52 267 0
177 356 0
73 950 0
177 270 0
48 118 0
1 448 0
1 1120 0
864 953 0
1 670 0
177 365 0
214 327 0
1 747 0
134 158 0
68 762 0
870 880 0
177 289 0
1 784 0
73 872 0
1 345 0
1 538 0
4 114 0
4 456 0
1 996 0
1 1144 0
73 889 0
195 316 0
418 472 0
1 383 0
267 279 0
76 125 0
177 260 0
4 479 0
52 290 0
1085 1107 0
4 598 0
1 168 0
1 419 0
796 798 0
895 991 0
1056 1150 0
52 397 0
1 1131 0
1 535 0
208 322 0
1056 1143 0
1051 1139 0
52 370 0
4 728 0
4 400 0
1 222 0
52 195 0
1 305 0
1056 1124 0
1056 1115 0
4 872 0
177 274 0
4 174 0
1 350 0
1 296 0
732 763 0
1 114 0
4 641 0
13 37 0
48 79 0
73 878 0
864 1032 0
1 1142 0
208 276 0
1 648 0
884 1033 0
68 839 0
1 903 0
134 139 0
438 451 0
4 382 0
73 1145 0
52 510 0
1 86 0
1 852 0
865 1113 0
79 83 0
893 985 0
52 314 0
68 731 0
1 539 0
1 912 0
1056 1104 0
683 706 0
882 904 0
2 9 0
1 630 0
934 943 0
195 230 0
200 412 0
1 432 0
4 454 0
4 620 0
52 192 0
4 1165 0
871 905 0
4 1150 0
68 812 0
1146 1151 0
882 984 0
935 971 0
52 337 0
4 952 0
745 792 0
52 191 0
882 996 0
63 610 0
228 244 0
4 925 0
1 79 0
871 899 0
865 1060 0
73 887 0
864 937 0
73 1132 0
1 559 0
195 249 0
195 328 0
52 369 0
52 387 0
4 848 0
864 974 0
1 401 0
4 721 0
4 1101 0
871 916 0
4 940 0
1 1119 0
1 526 0
4 736 0
177 282 0
52 455 0
73 876 0
1 108 0
66 707 0
1 508 0
726 759 0
66 620 0
4 504 0
1 245 0
567 578 0
134 155 0
60 576 0
48 112 0
134 147 0
4 424 0
1056 1111 0
4 552 0
4 691 0
4 814 0
208 248 0
871 945 0
4 263 0
864 929 0
195 292 0
4 1161 0
195 239 0
1 483 0
182 535 0
52 211 0
182 540 0
3 20 0
4 360 0
73 1003 0
543 557 0
1 709 0
1098 1154 0
195 217 0
865 1130 0
1 800 0
1056 1135 0
68 776 0
177 279 0
4 537 0
1 587 0
138 146 0
177 350 0
52 205 0
882 959 0
871 925 0
68 848 0
4 608 0
864 869 0
4 941 0
52 531 0
4 737 0
864 1018 0
1 124 0
67 723 0
872 1046 0
1146 1153 0
871 1038 0
208 251 0
871 978 0
219 372 0
864 1004 0
683 710 0
73 898 0
1 329 0
4 947 0
895 992 0
4 215 0
4 866 0
4 100 0
219 357 0
68 844 0
476 492 0
687 696 0
1 370 0
871 1017 0
52 353 0
195 266 0
73 919 0
1 380 0
4 162 0
4 880 0
1056 1140 0
882 1009 0
4 1045 0
4 926 0
4 1118 0
4 843 0
4 616 0
871 908 0
219 377 0
852 857 0
864 960 0
228 242 0
1 21 0
4 285 0
195 238 0
4 433 0
1 382 0
755 837 0
585 596 0
1 569 0
52 507 0
1 433 0
890 936 0
1056 1078 0
357 366 0
228 237 0
1 1043 0
4 148 0
1 827 0
1012 1014 0
4 575 0
418 469 0
1 141 0
4 971 0
93 104 0
871 1003 0
864 943 0
438 455 0
52 392 0
4 955 0
882 952 0
1051 1094 0
645 669 0
645 660 0
177 397 0
871 895 0
864 971 0
1 332 0
4 573 0
525 530 0
884 1031 0
620 658 0
82 102 0
1056 1123 0
4 303 0
52 401 0
888 920 0
1 292 0
4 459 0
1 1155 0
1 969 0
1 352 0
357 367 0
755 835 0
1 887 0
176 188 0
1 234 0
476 491 0
66 686 0
755 844 0
52 380 0
1051 1063 0
4 536 0
882 1012 0
480 494 0
73 1061 0
1 966 0
438 442 0
1 909 0
934 956 0
865 1151 0
208 320 0
61 600 0
864 985 0
52 288 0
882 950 0
68 799 0
48 94 0
4 732 0
864 871 0
195 351 0
1 875 0
208 250 0
619 642 0
488 515 0
4 621 0
864 963 0
871 883 0
4 1138 0
1 1118 0
871 942 0
888 899 0
1 999 0
1 393 0
117 120 0
4 544 0
871 979 0
73 1064 0
1089 1120 0
865 1121 0
135 173 0
882 961 0
4 132 0
1 476 0
1 1065 0
110 114 0
195 386 0
58 562 0
1 413 0
177 226 0
1056 1144 0
750 797 0
1 262 0
882 917 0
864 1042 0
871 888 0
1 355 0
75 86 0
4 830 0
73 900 0
10 31 0
476 493 0
1 1062 0
4 968 0
177 275 0
1 89 0
882 902 0
788 791 0
1 961 0
4 907 0
1 1032 0
177 216 0
195 380 0
4 771 0
1 435 0
586 607 0
4 567 0
1 187 0
1 1138 0
890 953 0
4 670 0
52 478 0
4 491 0
1 191 0
882 968 0
1 763 0
4 1018 0
1 677 0
1 570 0
73 877 0
134 167 0
52 239 0
78 107 0
628 636 0
865 1051 0
68 778 0
4 972 0
758 857 0
1 299 0
1 289 0
177 209 0
417 427 0
208 275 0
4 229 0
864 894 0
68 808 0
52 184 0
3 29 0
683 711 0
73 1076 0
1 477 0
1 1134 0
4 555 0
78 106 0
368 379 0
935 968 0
177 244 0
864 892 0
73 891 0
4 85 0
1 1113 0
4 324 0
195 270 0
1 564 0
197 405 0
48 125 0
219 386 0
864 1048 0
4 332 0
73 1073 0
871 914 0
627 628 0
1091 1127 0
52 388 0
892 980 0
1 722 0
643 651 0
195 357 0
73 969 0
882 936 0
645 664 0
1 1114 0
884 1037 0
1098 1147 0
864 1040 0
73 867 0
3 41 0
871 907 0
73 874 0
4 846 0
195 240 0
1 157 0
1 761 0
48 104 0
864 1015 0
219 354 0
50 175 0
1 148 0
134 146 0
73 1118 0
871 963 0
620 645 0
4 172 0
4 963 0
4 1156 0
439 461 0
1051 1060 0
1051 1141 0
865 1119 0
864 930 0
199 406 0
864 872 0
1 253 0
79 85 0
1 706 0
4 1158 0
4 845 0
68 779 0
1 778 0
4 347 0
73 1098 0
4 607 0
418 445 0
52 207 0
864 939 0
1056 1114 0
73 1093 0
73 1075 0
1 257 0
865 1066 0
218 337 0
683 718 0
1 947 0
612 615 0
68 805 0
1 394 0
4 208 0
418 457 0
219 368 0
903 922 0
1091 1140 0
195 334 0
882 934 0
52 252 0
895 987 0
177 278 0
52 366 0
73 865 0
736 773 0
138 153 0
4 348 0
208 298 0
52 222 0
480 497 0
739 783 0
4 980 0
882 924 0
1 73 0
1 1048 0
1 232 0
49 171 0
52 445 0
1 175 0
4 346 0
1 429 0
417 434 0
1 389 0
1051 1073 0
1 582 0
423 432 0
52 373 0
4 702 0
1 943 0
4 446 0
682 698 0
735 771 0
1 740 0
4 116 0
177 389 0
200 415 0
195 352 0
134 149 0
4 1089 0
418 473 0
3 38 0
1 594 0
871 1022 0
4 760 0
622 676 0
230 274 0
1054 1069 0
52 255 0
888 925 0
73 1144 0
1 884 0
1 445 0
871 946 0
1051 1107 0
4 530 0
4 241 0
4 824 0
4 252 0
195 309 0
68 767 0
4 485 0
48 92 0
1 849 0
627 634 0
230 281 0
4 773 0
199 410 0
871 927 0
68 815 0
82 107 0
4 761 0
52 299 0
177 384 0
438 444 0
178 460 0
177 415 0
177 230 0
890 964 0
1 835 0
66 678 0
208 253 0
1 1079 0
4 953 0
620 651 0
4 282 0
5 1168 0
52 391 0
1 475 0
73 967 0
4 340 0
10 39 0
869 877 0
52 279 0
52 254 0
49 146 0
195 299 0
78 95 0
180 482 0
1 600 0
864 957 0
4 835 0
1 502 0
78 88 0
1056 1100 0
73 863 0
4 145 0
4 1044 0
4 985 0
882 888 0
73 873 0
195 300 0
865 1094 0
4 191 0
52 343 0
177 306 0
195 350 0
1 159 0
4 698 0
871 902 0
890 948 0
1 897 0
1 161 0
231 324 0
52 209 0
52 283 0
1 229 0
4 221 0
73 1165 0
177 352 0
4 507 0
66 641 0
1 237 0
1056 1110 0
66 648 0
52 341 0
4 572 0
990 991 0
52 516 0
178 467 0
865 1157 0
4 487 0
4 997 0
208 269 0
52 287 0
1 611 0
890 952 0
195 228 0
76 121 0
195 390 0
52 409 0
438 445 0
181 522 0
623 687 0
266 278 0
208 266 0
1 347 0
1 258 0
52 266 0
73 912 0
871 993 0
630 634 0
1 341 0
4 57 0
579 581 0
4 1012 0
52 465 0
864 887 0
4 277 0
195 358 0
882 893 0
52 376 0
1 1132 0
902 920 0
683 700 0
1056 1132 0
73 964 0
4 739 0
68 837 0
4 473 0
631 640 0
1 1135 0
4 513 0
1 997 0
52 537 0
865 1081 0
1 1127 0
1 720 0
73 1054 0
865 1147 0
758 853 0
942 965 0
73 951 0
1051 1105 0
1054 1060 0
1051 1151 0
195 318 0
1051 1127 0
4 255 0
68 795 0
52 418 0
4 265 0
61 592 0
1 762 0
66 659 0
4 1009 0
4 200 0
884 1022 0
623 686 0
1166 1168 0
865 1092 0
113 119 0
1 470 0
1 713 0
1 409 0
78 84 0
52 270 0
1 1110 0
4 1133 0
68 774 0
78 92 0
4 179 0
884 1040 0
888 921 0
882 908 0
1 51 0
628 634 0
73 945 0
4 603 0
864 933 0
438 450 0
63 614 0
588 601 0
177 407 0
1 267 0
865 1100 0
890 945 0
683 707 0
884 1019 0
864 870 0
1051 1064 0
4 792 0
4 1036 0
49 138 0
627 636 0
4 206 0
66 665 0
52 249 0
73 991 0
1 31 0
4 817 0
195 335 0
73 996 0
1 343 0
68 822 0
871 980 0
14 41 0
4 1016 0
1 43 0
1 194 0
1 637 0
195 389 0
1 768 0
864 1005 0
52 492 0
1 906 0
1 464 0
4 217 0
4 445 0
208 262 0
1 532 0
864 895 0
219 380 0
423 431 0
68 838 0
195 214 0
482 501 0
627 632 0
48 124 0
68 783 0
177 271 0
1 824 0
627 629 0
1 622 0
1 797 0
1051 1083 0
864 941 0
882 956 0
871 992 0
66 664 0
4 321 0
4 274 0
73 1100 0
48 122 0
888 913 0
588 596 0
438 452 0
48 133 0
68 780 0
884 1026 0
1 379 0
4 115 0
66 679 0
4 401 0
4 795 0
4 48 0
4 501 0
265 275 0
231 326 0
1 869 0
73 1014 0
1 479 0
4 919 0
1051 1077 0
10 13 0
66 631 0
68 739 0
178 458 0
864 993 0
1 2 0
73 871 0
66 688 0
4 678 0
48 95 0
195 315 0
75 87 0
4 406 0
1 465 0
1 604 0
78 83 0
1 614 0
4 309 0
1056 1086 0
318 319 0
888 898 0
61 603 0
63 613 0
4 742 0
48 103 0
52 332 0
73 1021 0
1 721 0
1060 1064 0
48 78 0
683 713 0
4 96 0
4 956 0
4 807 0
1 174 0
177 329 0
1 1098 0
4 1114 0
52 278 0
1 1107 0
195 385 0
703 717 0
1 373 0
10 25 0
1 320 0
48 129 0
195 221 0
4 234 0
52 506 0
585 603 0
4 72 0
207 225 0
4 841 0
4 105 0
208 277 0
1 626 0
865 1134 0
1 482 0
438 447 0
4 213 0
620 655 0
585 589 0
73 1074 0
177 318 0
4 858 0
48 97 0
52 479 0
177 196 0
608 611 0
1102 1103 0
4 1007 0
52 502 0
864 981 0
4 546 0
4 278 0
4 271 0
73 931 0
4 201 0
12 22 0
1 933 0
1051 1082 0
882 890 0
67 617 0
4 646 0
195 308 0
110 118 0
117 123 0
864 994 0
1 440 0
75 85 0
177 250 0
1 170 0
1 781 0
177 355 0
1 1053 0
4 859 0
4 316 0
4 914 0
1 954 0
4 794 0
418 461 0
68 787 0
755 846 0
177 233 0
1025 1037 0
864 921 0
4 417 0
4 358 0
66 627 0
177 364 0
4 98 0
178 455 0
1 1004 0
4 326 0
68 830 0
359 382 0
195 367 0
75 80 0
180 510 0
1 985 0
63 617 0
1089 1116 0
687 694 0
214 329 0
1 714 0
1051 1136 0
1 693 0
623 698 0
56 556 0
1 259 0
4 334 0
4 983 0
218 345 0
1 745 0
1 233 0
623 695 0
1059 1157 0
488 513 0
52 511 0
976 981 0
4 442 0
66 635 0
1 879 0
177 333 0
627 640 0
4 266 0
68 809 0
177 413 0
1 351 0
298 317 0
1 1026 0
360 389 0
66 643 0
73 952 0
66 709 0
73 884 0
4 747 0
177 347 0
864 931 0
73 971 0
1 829 0
195 372 0
815 824 0
73 960 0
68 793 0
73 940 0
528 537 0
797 799 0
1 1029 0
418 451 0
4 168 0
177 237 0
4 581 0
196 391 0
52 322 0
1056 1133 0
176 183 0
864 1046 0
219 367 0
643 652 0
195 305 0
4 543 0
871 1031 0
180 500 0
66 649 0
195 253 0
871 1006 0
4 801 0
1051 1115 0
12 20 0
73 1037 0
4 383 0
831 844 0
4 999 0
4 1065 0
177 222 0
1 386 0
178 463 0
1 199 0
4 1023 0
358 368 0
882 963 0
218 343 0
588 602 0
73 1091 0
1 340 0
4 673 0
4 259 0
620 648 0
92 97 0
1 832 0
4 109 0
4 94 0
4 815 0
4 304 0
73 885 0
10 16 0
645 667 0
142 160 0
66 672 0
871 947 0
4 842 0
4 821 0
831 846 0
590 595 0
1 563 0
49 162 0
1 316 0
1 207 0
1 1152 0
195 281 0
73 1038 0
231 314 0
1 624 0
629 642 0
4 585 0
882 930 0
4 322 0
1 1013 0
52 224 0
52 229 0
864 979 0
1 987 0
620 659 0
4 99 0
76 130 0
66 681 0
4 864 0
73 948 0
73 1043 0
3 33 0
852 860 0
177 273 0
1 775 0
1051 1116 0
1 81 0
52 258 0
865 1089 0
195 332 0
1 872 0
360 383 0
231 318 0
864 873 0
864 902 0
4 740 0
230 286 0
888 904 0
897 1008 0
1 478 0
73 1139 0
52 309 0
882 990 0
4 494 0
177 292 0
4 416 0
30 34 0
4 532 0
871 894 0
195 337 0
439 468 0
1 442 0
1076 1100 0
197 402 0
4 469 0
683 701 0
622 678 0
66 710 0
871 953 0
4 652 0
52 326 0
218 336 0
871 983 0
52 292 0
1097 1145 0
4 876 0
182 532 0
4 672 0
622 674 0
12 21 0
645 658 0
1 8 0
49 148 0
10 44 0
52 214 0
865 1059 0
52 371 0
1 1002 0
52 410 0
1 803 0
1 727 0
60 571 0
4 505 0
1 388 0
1051 1149 0
893 983 0
585 590 0
52 196 0
218 335 0
52 348 0
78 90 0
308 323 0
52 372 0
52 453 0
1 1100 0
627 642 0
73 1125 0
890 938 0
890 963 0
1 866 0
882 1001 0
61 593 0
73 918 0
1 167 0
4 1028 0
864 1024 0
76 122 0
4 791 0
1 925 0
73 1041 0
565 573 0